21 0.7686484375 0.175830078125 0.0631796875 0.216689453125
9 0.76484375 0.160537109375 0.05746875 0.189580078125
8 0.536296875 0.7529296875 0.26463281250000004 0.49337890625
8 0.45332812499999997 0.4400390625 0.17154687500000002 0.3179296875
23 0.43289062500000003 0.266162109375 0.11853125 0.170048828125
23 0.41244531249999994 0.16880859375 0.10598437499999999 0.10181640625
23 0.3979765625 0.116328125 0.0831171875 0.07529296875
21 0.8743281250000001 0.33736328125 0.1642578125 0.260244140625
9 0.8337890625 0.27376953125 0.0825546875 0.137265625
7 0.77209375 0.208134765625 0.05475 0.148251953125
7 0.9106249999999999 0.395439453125 0.09133593749999999 0.144990234375