18 0.08486805555555556 0.7575556930693069 0.1344513888888889 0.3643378712871287
9 0.08457986111111111 0.7561386138613861 0.133875 0.35686262376237626
1 0.12398958333333332 0.7677413366336634 0.024871527777777777 0.09724009900990098
1 0.058472222222222224 0.8005878712871287 0.04664583333333334 0.09339727722772277
23 0.6433888888888889 0.18646658415841583 0.14374305555555555 0.26521039603960395
23 0.5975416666666666 0.40707301980198024 0.18349652777777778 0.36804455445544554
8 0.4959131944444444 0.7701361386138613 0.2796388888888889 0.4597277227722772
11 0.44183333333333336 0.541404702970297 0.11352777777777777 0.39845915841584156
0 0.42050347222222223 0.5462685643564357 0.07314930555555556 0.1341398514851485
9 0.4514513888888889 0.5446720297029704 0.09631597222222221 0.4009467821782178
14 0.3158159722222222 0.45708539603960396 0.18961111111111112 0.3906559405940594
7 0.2606076388888889 0.4116089108910891 0.07919791666666667 0.13669554455445546
9 0.35069097222222223 0.4575618811881188 0.12071875 0.38817450495049505
0 0.3718958333333333 0.5182982673267327 0.03123263888888889 0.06524752475247525