22 0.28565625 0.13964108910891088 0.05922569444444444 0.20115717821782178
6 0.3046666666666667 0.15849628712871286 0.02021875 0.057153465346534656
9 0.2814861111111111 0.13964108910891088 0.050326388888888886 0.20115717821782178
23 0.6401041666666667 0.17834158415841583 0.14640277777777777 0.26694925742574255
8 0.6050034722222223 0.40517326732673264 0.19429166666666664 0.3654764851485149
8 0.4957673611111111 0.7723452970297029 0.28284722222222225 0.45530940594059405
11 0.4400763888888889 0.5417141089108911 0.12127777777777776 0.393904702970297
0 0.41944791666666664 0.5654331683168317 0.0785451388888889 0.1335519801980198
9 0.45257986111111115 0.5442017326732673 0.09757638888888888 0.39361386138613863
11 0.31455555555555553 0.45122524752475246 0.09017361111111111 0.4181188118811881
9 0.31193055555555554 0.4508601485148515 0.08492361111111112 0.40949257425742575
0 0.34120833333333334 0.492394801980198 0.03424652777777778 0.06903465346534654