23 0.6412222222222222 0.1910891089108911 0.1432951388888889 0.2538304455445545
8 0.5970451388888889 0.4068440594059406 0.18225694444444443 0.3800556930693069
8 0.49711805555555555 0.7693007425742575 0.28332986111111114 0.461404702970297
21 0.19207638888888887 0.3394554455445544 0.10714583333333333 0.30794554455445544
7 0.19988888888888887 0.3915717821782178 0.09165277777777778 0.20512376237623764
9 0.17161458333333332 0.3199133663366337 0.06622222222222222 0.2675309405940594
22 0.2187708333333333 0.18202970297029705 0.05575347222222222 0.20517945544554456
6 0.2324513888888889 0.23248762376237622 0.02772569444444444 0.06866955445544555
9 0.207625 0.18443688118811882 0.03346180555555556 0.20866336633663365
18 0.10246527777777778 0.778960396039604 0.11900000000000001 0.28297029702970294
9 0.10306944444444444 0.7793440594059406 0.11933680555555555 0.28220297029702973
1 0.11578125 0.7409777227722772 0.040725694444444446 0.0895730198019802
21 0.10140625 0.5850556930693069 0.13422222222222221 0.30463490099009904
7 0.11614583333333334 0.6482487623762376 0.10474305555555556 0.18843440594059405
9 0.07055208333333333 0.5366089108910891 0.07337847222222223 0.20774752475247527