15 0.9143593750000001 0.25990234375 0.0978125 0.24103515625
9 0.9 0.25939453125 0.070265625 0.238544921875
1 0.8899765625 0.22681640625 0.053734375 0.0634765625
5 0.933765625 0.316123046875 0.0580703125 0.07353515625
12 0.77946875 0.1809375 0.06371875 0.220869140625
9 0.7792343749999999 0.181376953125 0.06325 0.218818359375
0 0.7947734375 0.182138671875 0.027492187499999998 0.0356640625
1 0.7896171875 0.14111328125 0.021859375 0.02396484375
23 0.428453125 0.25404296875 0.1101796875 0.146396484375
23 0.40768750000000004 0.179072265625 0.0935390625 0.118447265625
23 0.395921875 0.114990234375 0.0757421875 0.0668359375
8 0.4553359375 0.425537109375 0.1696875 0.28126953125
23 0.56325 0.75189453125 0.28600781249999996 0.496220703125