15 0.8608359374999999 0.216767578125 0.10565625000000001 0.2354296875
1 0.8983515625 0.269306640625 0.0320390625 0.071611328125
5 0.8288515625 0.245908203125 0.048890625 0.06404296875
9 0.8610625000000001 0.217783203125 0.07984375 0.2352734375
8 0.5361796875 0.75189453125 0.2648125 0.496015625
8 0.45218749999999996 0.425537109375 0.1661875 0.320703125
23 0.43922656250000003 0.28330078125 0.135546875 0.204345703125
23 0.41049218749999994 0.183681640625 0.09853125 0.12150390625
8 0.40164062500000003 0.121865234375 0.085359375 0.087314453125
18 0.681046875 0.104580078125 0.035421875000000005 0.164150390625
9 0.6829140625 0.104765625 0.032875 0.163369140625
1 0.6694375 0.093857421875 0.012453124999999999 0.03357421875