23 0.6403263888888889 0.1934220297029703 0.13301041666666666 0.2673886138613861
8 0.5995034722222222 0.4173762376237624 0.18289930555555556 0.3919678217821782
8 0.5016388888888889 0.7703403465346534 0.2899201388888889 0.4593131188118812
21 0.16122916666666665 0.4101485148514851 0.10036805555555556 0.29750618811881185
9 0.1573715277777778 0.4134529702970297 0.09265277777777776 0.30248143564356433
5 0.19271180555555556 0.4154331683168317 0.03553125 0.08559405940594059
11 0.4304479166666667 0.5268688118811881 0.09497569444444444 0.4134529702970297
9 0.42885763888888884 0.5262066831683169 0.09179166666666667 0.41052599009900986
0 0.4486597222222223 0.5218564356435644 0.056163194444444446 0.09693069306930692
11 0.72246875 0.5978650990099009 0.11625694444444444 0.35590346534653466
9 0.72246875 0.5997091584158416 0.11625694444444444 0.3569368811881188
0 0.6900381944444445 0.6454455445544555 0.013305555555555555 0.04611386138613861