16 0.3230972222222222 0.13146039603960397 0.053385416666666664 0.17035891089108912
5 0.33897916666666666 0.13469059405940595 0.021621527777777778 0.04594678217821782
9 0.3165868055555556 0.13267326732673268 0.04153472222222222 0.17070544554455447
6 0.3047326388888889 0.17298886138613861 0.010833333333333334 0.040482673267326734
23 0.6407152777777778 0.18593440594059407 0.13760763888888888 0.2500309405940594
8 0.6045451388888888 0.4092759900990099 0.19479513888888889 0.3625928217821782
8 0.5036979166666667 0.7704207920792079 0.29648263888888887 0.4591584158415842
10 0.09594097222222223 0.5197029702970297 0.11204166666666666 0.2755816831683168
6 0.1295763888888889 0.5643935643564356 0.04380208333333334 0.11599628712871286
9 0.08215972222222222 0.5205383663366338 0.08430555555555556 0.27621287128712874
1 0.07373263888888888 0.5523514851485148 0.024569444444444446 0.05342821782178218
12 0.18879166666666666 0.4022957920792079 0.1085798611111111 0.31037128712871287
9 0.19294444444444442 0.4018811881188119 0.10027430555555557 0.3095482673267327
1 0.2136736111111111 0.4034653465346535 0.016305555555555556 0.034108910891089105
1 0.16934722222222223 0.3780631188118812 0.023524305555555555 0.04425123762376238
0 0.14815277777777777 0.38940594059405936 0.028336805555555556 0.08107054455445543