14 0.18095833333333333 0.39730198019801977 0.11896875 0.27159034653465347
7 0.1934548611111111 0.4366027227722772 0.0934375 0.19396039603960397
9 0.15904166666666666 0.38940594059405936 0.07513194444444445 0.2536200495049505
0 0.17549305555555555 0.3512128712871287 0.031947916666666666 0.0578960396039604
18 0.07456597222222222 0.46711633663366336 0.09169791666666666 0.27393564356435646
9 0.07443055555555556 0.46767326732673264 0.09142708333333334 0.2750433168316832
1 0.06191666666666666 0.4251794554455446 0.0285625 0.045396039603960395
1 0.06615277777777778 0.5396225247524752 0.026052083333333333 0.06438737623762376
23 0.63996875 0.18831064356435645 0.13435069444444445 0.26916460396039604
8 0.5959791666666667 0.414740099009901 0.18717013888888887 0.3780507425742574
8 0.4934895833333333 0.765730198019802 0.279625 0.45973391089108906
21 0.07445833333333333 0.750105198019802 0.14766666666666667 0.3393131188118812
7 0.07951041666666667 0.7843378712871287 0.1375590277777778 0.27170792079207917
9 0.03546180555555555 0.7172834158415842 0.0709236111111111 0.26967202970297033