8 0.1399296875 0.36283203125 0.195921875 0.176708984375
23 0.176890625 0.221162109375 0.112125 0.10423828125
8 0.17154687500000002 0.144638671875 0.115140625 0.09005859375
12 0.3613984375 0.35552734375 0.10496875000000001 0.29435546875
0 0.3921796875 0.35509765625 0.043625000000000004 0.052177734375
9 0.356 0.355341796875 0.078421875 0.293056640625
1 0.381171875 0.291357421875 0.0462734375 0.054970703125
1 0.3224609375 0.38197265625 0.027492187499999998 0.05638671875
21 0.43274999999999997 0.29173828125 0.065453125 0.269541015625
9 0.432796875 0.292265625 0.064609375 0.269423828125
5 0.4275703125 0.34216796875 0.05697656250000001 0.060908203125
21 0.7540078125 0.345595703125 0.0925546875 0.251015625
5 0.7318984375 0.32126953125 0.048640625 0.0623046875
9 0.7620703125 0.344072265625 0.07540625 0.24638671875