14 0.43901562499999996 0.6721574074074074 0.14069270833333333 0.5006851851851852
9 0.46287500000000004 0.6726944444444445 0.09175520833333332 0.50175
0 0.433203125 0.782537037037037 0.04600520833333333 0.11462962962962962
5 0.40397916666666667 0.6820092592592593 0.070625 0.13106481481481483
22 0.4018333333333333 0.33688888888888885 0.06863541666666667 0.31745370370370374
9 0.39884895833333334 0.3366018518518518 0.06348958333333334 0.3168703703703704
6 0.4224322916666667 0.4124166666666667 0.028093749999999997 0.08921296296296295
11 0.46123958333333337 0.32792592592592595 0.06509895833333333 0.26389814814814816
0 0.44386458333333334 0.3520092592592593 0.030390625 0.04598148148148148
9 0.4695520833333333 0.32792592592592595 0.04847916666666666 0.26389814814814816
21 0.5951927083333334 0.21008333333333332 0.05055208333333334 0.24699074074074073
7 0.5949791666666666 0.25937037037037036 0.050124999999999996 0.1496296296296296
9 0.6040364583333333 0.1925 0.033296875 0.20989814814814814