19 0.7102031249999999 0.291171875 0.0691328125 0.250859375
9 0.7073437499999999 0.291396484375 0.06340625 0.2468359375
2 0.7139609375 0.29904296875 0.058750000000000004 0.044296875
18 0.43971875000000005 0.30921875 0.0879140625 0.266064453125
1 0.4209296875 0.271220703125 0.0491328125 0.037900390625
9 0.455296875 0.309296875 0.0558125 0.264716796875
13 0.303578125 0.28490234375 0.07660937500000001 0.237333984375
6 0.323671875 0.263271484375 0.0378359375 0.072275390625
9 0.301984375 0.285498046875 0.0580703125 0.238515625
0 0.2864296875 0.295419921875 0.0425078125 0.05412109375
21 0.8880078125 0.740810546875 0.22398437499999999 0.422177734375
7 0.8883125 0.84833984375 0.2233828125 0.209052734375
9 0.87921875 0.680302734375 0.18099218749999998 0.301171875
23 0.170203125 0.3537109375 0.15071874999999998 0.1420703125
8 0.165671875 0.212783203125 0.14578125 0.116376953125
8 0.1802421875 0.1334375 0.1018125 0.060654296875