11 0.770828125 0.31943359375 0.06903125 0.235693359375
9 0.7752421875 0.3178125 0.057078125 0.23115234375
0 0.756796875 0.32734375 0.04096875 0.041962890625
18 0.72190625 0.305751953125 0.0698125 0.261484375
1 0.7083671875 0.25619140625 0.0341171875 0.03673828125
22 0.670859375 0.739765625 0.27371875 0.510849609375
9 0.6707578125 0.740419921875 0.2756015625 0.509541015625
6 0.7110859375 0.906171875 0.09778125 0.125224609375
21 0.3120703125 0.40693359375 0.17472656250000002 0.31654296875
7 0.343078125 0.405 0.11379687499999999 0.1888671875
9 0.26560937500000004 0.406767578125 0.0831484375 0.3128125
23 0.1567890625 0.35947265625 0.154765625 0.184013671875
23 0.17197656249999999 0.208017578125 0.12153906249999999 0.086376953125
8 0.184078125 0.1333984375 0.0904765625 0.0636328125