14 0.727609375 0.340556640625 0.14166406250000002 0.235849609375
5 0.6899921875 0.364130859375 0.065328125 0.06939453125
9 0.757625 0.3408984375 0.083390625 0.235166015625
0 0.7841328125 0.364404296875 0.0268671875 0.058994140625
13 0.42551562499999995 0.316982421875 0.086109375 0.246103515625
6 0.3980390625 0.362890625 0.031968750000000004 0.053759765625
9 0.43115625 0.318115234375 0.07546875 0.246337890625
0 0.45795312499999996 0.278994140625 0.018640625 0.038193359375
21 0.8742656249999999 0.749501953125 0.2513828125 0.4092578125
7 0.884765625 0.85490234375 0.23047656249999998 0.1991015625
9 0.8529375 0.722568359375 0.20813281250000001 0.353994140625
8 0.1544140625 0.356328125 0.1795 0.170302734375
23 0.168703125 0.223662109375 0.1518046875 0.09806640625
8 0.1761484375 0.142158203125 0.12366406249999999 0.082646484375