21 0.36372916666666666 0.5781666666666666 0.14728124999999997 0.4398518518518519
5 0.40865625 0.6388611111111111 0.05742708333333334 0.11487037037037037
9 0.350984375 0.5790648148148148 0.121796875 0.44166666666666665
18 0.360203125 0.28948148148148145 0.09161979166666666 0.23299999999999998
1 0.3924166666666667 0.35453703703703704 0.026630208333333336 0.05132407407407407
9 0.353734375 0.2906111111111111 0.07797395833333334 0.23275
21 0.6096510416666666 0.20672222222222222 0.078828125 0.25178703703703703
7 0.5959947916666667 0.2589074074074074 0.052203125 0.15017592592592593
9 0.6187968749999999 0.13521296296296295 0.060536458333333334 0.10877777777777778
22 0.8470208333333333 0.8048703703703703 0.16678645833333333 0.3902685185185185
6 0.7964895833333333 0.8154629629629631 0.06688541666666666 0.17092592592592593
9 0.8713333333333334 0.8053796296296296 0.12091666666666666 0.3892407407407407