15 0.2613333333333333 0.35026851851851853 0.08043229166666667 0.2837037037037037
9 0.26000520833333335 0.34983333333333333 0.07052604166666666 0.28284259259259265
2 0.2793333333333334 0.35074074074074074 0.043953125 0.07849074074074074
1 0.274078125 0.2781851851851852 0.017739583333333333 0.04075
1 0.23102083333333334 0.2869814814814815 0.019802083333333335 0.04975925925925926
21 0.3808125 0.31552777777777774 0.09531770833333333 0.3400925925925926
7 0.38075 0.3816481481481482 0.09556770833333333 0.21085185185185185
9 0.3856510416666667 0.27912037037037035 0.06459374999999999 0.26895370370370375
16 0.351078125 0.07890740740740741 0.05591145833333333 0.15688888888888888
7 0.3572239583333333 0.10815740740740741 0.04431770833333334 0.10036111111111111
9 0.34465625 0.07064814814814814 0.043062500000000004 0.14130555555555557
6 0.3464375 0.09198148148148148 0.023171875 0.040212962962962964