11 0.7005885416666667 0.5249444444444445 0.11911458333333333 0.303
0 0.6674739583333333 0.5650277777777778 0.05308854166666667 0.12181481481481482
9 0.7073177083333333 0.5249444444444445 0.10565104166666667 0.303
22 0.598125 0.46514814814814814 0.112828125 0.42610185185185184
9 0.6101302083333333 0.46705555555555556 0.08958854166666666 0.4236759259259259
6 0.6138489583333333 0.5954166666666666 0.04442708333333333 0.10947222222222222
6 0.5649166666666667 0.5339444444444444 0.04816145833333333 0.10787962962962963
11 0.7659583333333334 0.35174074074074074 0.06285416666666667 0.3321574074074074
0 0.7445729166666666 0.27978703703703706 0.02009375 0.06450925925925927
9 0.76790625 0.3528703703703704 0.05794791666666667 0.3334074074074074
17 0.64221875 0.1177962962962963 0.097265625 0.20641666666666666
4 0.6690468749999999 0.15019444444444446 0.043609375 0.13866666666666666
6 0.6472031250000001 0.12512962962962962 0.013296875000000001 0.06298148148148147
0 0.619203125 0.11617592592592592 0.015796875 0.034379629629629635
21 0.569828125 0.13497222222222224 0.05645833333333334 0.20391666666666666
9 0.56840625 0.13369444444444442 0.053947916666666665 0.20075925925925925
7 0.5743125 0.17987037037037037 0.05105208333333333 0.11362037037037036