13 0.763109375 0.3359375 0.0732890625 0.2283984375
9 0.762953125 0.336611328125 0.0729765625 0.2278125
6 0.756640625 0.40857421875 0.0556796875 0.06875
0 0.787734375 0.315224609375 0.016546875 0.025244140625
18 0.6749765625 0.311044921875 0.0777734375 0.242353515625
9 0.6749765625 0.3113671875 0.0777734375 0.240869140625
1 0.668015625 0.273935546875 0.053679687499999997 0.0381640625
19 0.495328125 0.867197265625 0.5628984375 0.26560546875
4 0.587140625 0.86787109375 0.3793359375 0.264267578125
9 0.3307578125 0.899404296875 0.23590624999999998 0.201181640625
8 0.123609375 0.355673828125 0.22337500000000002 0.161220703125
23 0.1700703125 0.21423828125 0.138546875 0.082265625
8 0.16895312499999998 0.144716796875 0.122796875 0.08525390625