21 0.5491979166666667 0.21179629629629632 0.057374999999999995 0.19300925925925924
7 0.5379010416666666 0.23064814814814813 0.034041666666666665 0.08937962962962963
9 0.5625208333333334 0.21284259259259258 0.03249479166666667 0.19510185185185186
21 0.5218177083333333 0.39060185185185187 0.07916666666666666 0.28625925925925927
5 0.5453333333333333 0.42209259259259263 0.03271875 0.06527777777777778
9 0.5120989583333333 0.3907962962962963 0.059734375 0.287962962962963
9 0.07439583333333334 0.7465277777777778 0.117421875 0.3398333333333333
18 0.07511979166666666 0.745537037037037 0.11776041666666666 0.33390740740740743
1 0.06927604166666666 0.6684259259259259 0.046015625 0.10067592592592593
11 0.6156614583333333 0.14998148148148147 0.03280208333333333 0.12159259259259259
0 0.6251927083333333 0.15072222222222223 0.014067708333333335 0.02375
9 0.6126874999999999 0.15019444444444446 0.02726041666666667 0.12057407407407407
21 0.05677083333333333 0.36336111111111113 0.07344791666666667 0.15978703703703703
7 0.066796875 0.3781666666666667 0.052953125000000004 0.11437962962962964
9 0.034312499999999996 0.36474074074074075 0.029078125 0.16255555555555556