14 0.3200703125 0.39201171875 0.149125 0.32291015625
7 0.3595078125 0.405009765625 0.06934375000000001 0.186259765625
0 0.2635234375 0.36623046875 0.034890624999999995 0.074462890625
9 0.2953671875 0.39244140625 0.06889843749999999 0.320908203125
21 0.6506015625 0.292958984375 0.07628125 0.217529296875
5 0.640953125 0.28513671875 0.058140625 0.062080078125
9 0.65790625 0.292744140625 0.05892968750000001 0.21568359375
21 0.48745312500000004 0.306572265625 0.1095234375 0.24619140625
5 0.461609375 0.386396484375 0.054398437499999994 0.087685546875
9 0.5034296875 0.24619140625 0.0775625 0.12400390625
21 0.9225703125000001 0.52830078125 0.154859375 0.308798828125
7 0.9451484375 0.584931640625 0.10963281250000001 0.198701171875
9 0.89396875 0.441123046875 0.09766406250000001 0.13443359375
22 0.6522265625 0.739326171875 0.2955078125 0.459921875
9 0.6516093749999999 0.739072265625 0.29426562500000003 0.461357421875
6 0.712046875 0.901767578125 0.1063515625 0.119501953125
8 0.144984375 0.365126953125 0.181203125 0.216845703125
8 0.160765625 0.146826171875 0.131015625 0.082607421875
23 0.163921875 0.218720703125 0.1370546875 0.081103515625