12 0.7431927083333334 0.6842777777777778 0.1493958333333333 0.4296666666666667
0 0.6882135416666666 0.7869259259259259 0.039552083333333335 0.13250925925925927
6 0.6997083333333334 0.8453333333333334 0.039890625 0.09568518518518519
9 0.7628802083333334 0.68275 0.10888541666666667 0.42662962962962964
14 0.3619427083333333 0.5311666666666667 0.09519270833333333 0.49820370370370365
7 0.361859375 0.6222314814814814 0.09511458333333334 0.3131203703703704
9 0.36166145833333335 0.48537962962962966 0.0934375 0.40488888888888885
0 0.3654114583333333 0.5267777777777778 0.06640104166666666 0.0792037037037037
21 0.6171354166666667 0.23144444444444445 0.08130208333333333 0.25419444444444445
7 0.6062135416666667 0.277537037037037 0.05945833333333333 0.15994444444444444
9 0.6228854166666667 0.20867592592592593 0.07096354166666667 0.2086574074074074