22 0.5884531249999999 0.36287037037037034 0.09110416666666667 0.3302685185185185
9 0.5960572916666667 0.36480555555555555 0.07668229166666667 0.33062037037037034
6 0.569046875 0.4320833333333333 0.04538020833333333 0.08234259259259259
21 0.4986041666666667 0.4647314814814815 0.11846875 0.40835185185185185
5 0.529734375 0.4915925925925926 0.053682291666666666 0.10652777777777778
9 0.4835052083333334 0.46382407407407406 0.08766666666666666 0.4074907407407407
9 0.2791927083333333 0.7916851851851852 0.12291666666666666 0.4166296296296296
7 0.2800989583333333 0.7458518518518519 0.1538125 0.3394907407407407
6 0.325359375 0.7852685185185185 0.033499999999999995 0.14052777777777778
12 0.3914375 0.1693611111111111 0.047088541666666664 0.17378703703703705
0 0.40466145833333333 0.17267592592592593 0.0201875 0.030666666666666665
1 0.3989322916666667 0.13594444444444445 0.01546875 0.025092592592592593