13 0.6176197916666666 0.21664814814814815 0.042468750000000006 0.19394444444444445
6 0.624140625 0.26792592592592596 0.029421875 0.0666574074074074
9 0.6113593749999999 0.2171111111111111 0.029942708333333335 0.1938425925925926
0 0.6200833333333333 0.21105555555555555 0.018984375 0.031240740740740743
21 0.56709375 0.21676851851851853 0.045244791666666666 0.18421296296296294
7 0.567546875 0.2489722222222222 0.045619791666666666 0.11981481481481482
9 0.5659322916666666 0.1655185185185185 0.042921875 0.08077777777777777
14 0.06494270833333333 0.745712962962963 0.123765625 0.33361111111111114
5 0.10653125 0.7916203703703704 0.040671875 0.1012962962962963
9 0.05453125 0.7468796296296296 0.101484375 0.33335185185185184
0 0.06647395833333333 0.7594722222222222 0.049640625 0.1073888888888889