17 0.19955208333333335 0.2691460396039604 0.07384027777777778 0.22549504950495047
6 0.21739930555555556 0.2542388613861386 0.03814583333333333 0.07952351485148515
5 0.1781423611111111 0.3135457920792079 0.03101736111111111 0.057091584158415844
9 0.19404513888888889 0.2691460396039604 0.04575347222222222 0.22549504950495047
0 0.19284375 0.27048886138613865 0.020229166666666666 0.030439356435643564
22 0.3501666666666667 0.1392141089108911 0.03701736111111111 0.20706064356435644
9 0.34869097222222223 0.1392141089108911 0.03348611111111111 0.20706064356435644
6 0.3508055555555556 0.1933168316831683 0.034819444444444445 0.06257425742574257
8 0.6427222222222222 0.18717821782178218 0.1332326388888889 0.24462252475247526
8 0.6017222222222223 0.41077970297029703 0.17953819444444447 0.3637438118811881
8 0.4978298611111111 0.7673081683168317 0.27019444444444446 0.46538985148514855