19 0.504332561728395 0.43729423868312756 0.17985725308641975 0.5642901234567901
4 0.5268055555555555 0.5410185185185186 0.1333912037037037 0.3629269547325103
9 0.4841473765432099 0.3827366255144033 0.13949074074074075 0.4500977366255144
20 0.37275077160493825 0.5377006172839506 0.14141203703703706 0.49340534979423867
9 0.36636959876543207 0.5398559670781893 0.12675154320987655 0.4951800411522634
3 0.4177893518518519 0.45969650205761314 0.054378858024691355 0.15203189300411524
11 0.2751581790123457 0.3227932098765432 0.08546682098765432 0.3149742798353909
9 0.27731095679012346 0.3248456790123457 0.08362268518518519 0.31907407407407407
11 0.21955632716049384 0.36102366255144036 0.1388503086419753 0.36477366255144034
9 0.23147762345679013 0.3611265432098765 0.11500771604938273 0.3629269547325103
0 0.251087962962963 0.30016975308641974 0.03763888888888889 0.10770061728395063
0 0.18110725308641976 0.33717592592592593 0.061952160493827166 0.12223765432098765